:date 03082019-18:11:38.000
:fixed_data
0 0 0 0 sd_sd_var
1 1 0 0 sd_sd_varlog
:
:vdbench503_vdbench_data_for_swat303
:date 03082019-18:11:38.000 03082019-18:11:39.000
1 0 0 13805 4525177 0 0 209369 6564 0 6564 0 0 0
0 0 0 14108 4630452 0 0 209624 6631 0 6631 0 0 0
:
:vdbench503_vdbench_data_for_swat303
:date 03082019-18:11:39.000 03082019-18:11:40.000
1 0 0 22705 7731692 0 0 341940 7993 0 7993 0 0 0
0 0 0 21184 7690899 0 0 324333 276115 0 276115 0 0 0
:
:vdbench503_vdbench_data_for_swat303
:date 03082019-18:11:40.000 03082019-18:11:41.000
1 0 0 23423 7884803 0 0 351700 5898 0 5898 0 0 0
0 0 0 18217 7155251 0 0 281366 860022 0 860022 0 0 0
:
:vdbench503_vdbench_data_for_swat303
:date 03082019-18:11:41.000 03082019-18:11:42.000
1 0 0 23221 7900005 0 0 347394 5861 0 5861 0 0 0
0 0 0 21524 8667108 0 0 323642 758124 0 758124 0 0 0
:
:vdbench503_vdbench_data_for_swat303
:date 03082019-18:11:42.000 03082019-18:11:43.000
1 0 0 24518 7831411 0 0 374905 114522 0 114522 0 0 0
0 0 0 18572 7649365 0 0 281003 544608 0 544608 0 0 0
:
:vdbench503_vdbench_data_for_swat303
:date 03082019-18:11:43.000 03082019-18:11:44.000
1 0 0 22227 7995875 0 0 340084 159720 0 159720 0 0 0
0 0 0 19300 7706309 0 0 292702 151361 0 151361 0 0 0
:
:vdbench503_vdbench_data_for_swat303
:date 03082019-18:11:44.000 03082019-18:11:45.000
1 0 0 23519 7917990 0 0 354294 60025 0 60025 0 0 0
0 0 0 22375 8429682 0 0 344029 585178 0 585178 0 0 0
:
:vdbench503_vdbench_data_for_swat303
:date 03082019-18:11:45.000 03082019-18:11:46.000
1 0 0 24104 7837039 0 0 357873 87895 0 87895 0 0 0
0 0 0 22740 7853950 0 0 344881 301121 0 301121 0 0 0
:
:vdbench503_vdbench_data_for_swat303
:date 03082019-18:11:46.000 03082019-18:11:47.000
1 0 0 20296 7988336 0 0 306801 115745 0 115745 0 0 0
0 0 0 18729 7933616 0 0 280275 119161 0 119161 0 0 0
:
:vdbench503_vdbench_data_for_swat303
:date 03082019-18:11:47.000 03082019-18:11:48.000
1 0 0 15432 7916427 0 0 229248 131944 0 131944 0 0 0
0 0 0 14091 7962985 0 0 216303 122845 0 122845 0 0 0
:
:vdbench503_vdbench_data_for_swat303
:date 03082019-18:11:48.000 03082019-18:11:49.000
1 0 0 13050 7977507 0 0 202365 71028 0 71028 0 0 0
0 0 0 12319 7946089 0 0 188074 83521 0 83521 0 0 0
:
:vdbench503_vdbench_data_for_swat303
:date 03082019-18:11:49.000 03082019-18:11:50.000
1 0 0 13179 7937374 0 0 200393 76548 0 76548 0 0 0
0 0 0 12346 7935471 0 0 187790 76618 0 76618 0 0 0
:
:vdbench503_vdbench_data_for_swat303
:date 03082019-18:11:50.000 03082019-18:11:51.000
1 0 0 10766 7877913 0 0 162908 78441 0 78441 0 0 0
0 0 0 11542 7896388 0 0 175108 91014 0 91014 0 0 0
:
:vdbench503_vdbench_data_for_swat303
:date 03082019-18:11:51.000 03082019-18:11:52.000
1 0 0 7451 7965090 0 0 111235 59003 0 59003 0 0 0
0 0 0 7697 8034107 0 0 118534 88830 0 88830 0 0 0
:
:vdbench503_vdbench_data_for_swat303
:date 03082019-18:11:52.000 03082019-18:11:53.000
1 0 0 4674 8034986 0 0 73737 92797 0 92797 0 0 0
0 0 0 4837 7984315 0 0 70597 97280 0 97280 0 0 0
:
:vdbench503_vdbench_data_for_swat303
:date 03082019-18:11:53.000 03082019-18:11:54.000
1 0 0 3973 7937765 0 0 58633 85548 0 85548 0 0 0
0 0 0 4176 7929075 0 0 60157 90328 0 90328 0 0 0
:
:vdbench503_vdbench_data_for_swat303
:date 03082019-18:11:54.000 03082019-18:11:55.000
1 0 0 3508 8002098 0 0 53797 67901 0 67901 0 0 0
0 0 0 3641 7981672 0 0 55414 67708 0 67708 0 0 0
:
:vdbench503_vdbench_data_for_swat303
:date 03082019-18:11:55.000 03082019-18:11:56.000
1 0 0 4028 7995414 0 0 62211 68770 0 68770 0 0 0
0 0 0 4009 8003955 0 0 62413 162692 0 162692 0 0 0
:
:vdbench503_vdbench_data_for_swat303
:date 03082019-18:11:56.000 03082019-18:11:57.000
1 0 0 3892 7932130 0 0 58647 67922 0 67922 0 0 0
0 0 0 3879 7915772 0 0 57548 119111 0 119111 0 0 0
:
:vdbench503_vdbench_data_for_swat303
:date 03082019-18:11:57.000 03082019-18:11:58.000
1 0 0 4327 7770348 0 0 67995 63245 0 63245 0 0 0
0 0 0 4122 7825927 0 0 63762 156050 0 156050 0 0 0
:
:vdbench503_vdbench_data_for_swat303
:date 03082019-18:11:58.000 03082019-18:11:59.000
1 0 0 6553 8197660 0 0 100542 68139 0 68139 0 0 0
0 0 0 6399 8123937 0 0 97891 68274 0 68274 0 0 0
:
:vdbench503_vdbench_data_for_swat303
:date 03082019-18:11:59.000 03082019-18:12:00.000
1 0 0 4535 7956030 0 0 69692 102474 0 102474 0 0 0
0 0 0 4630 7991358 0 0 70144 81687 0 81687 0 0 0
:
:vdbench503_vdbench_data_for_swat303
:date 03082019-18:12:00.000 03082019-18:12:01.000
1 0 0 6663 8031958 0 0 103256 79633 0 79633 0 0 0
0 0 0 6619 8028508 0 0 100224 60702 0 60702 0 0 0
:
:vdbench503_vdbench_data_for_swat303
:date 03082019-18:12:01.000 03082019-18:12:02.000
1 0 0 6034 7931175 0 0 90553 64323 0 64323 0 0 0
0 0 0 5705 7884224 0 0 87918 86733 0 86733 0 0 0
:
:vdbench503_vdbench_data_for_swat303
:date 03082019-18:12:02.000 03082019-18:12:03.000
1 0 0 5991 7945622 0 0 93644 64353 0 64353 0 0 0
0 0 0 6165 7984724 0 0 92715 104244 0 104244 0 0 0
:
:vdbench503_vdbench_data_for_swat303
:date 03082019-18:12:03.000 03082019-18:12:04.000
1 0 0 4177 7887949 0 0 65756 64704 0 64704 0 0 0
0 0 0 4413 7899125 0 0 69333 64920 0 64920 0 0 0
:
:vdbench503_vdbench_data_for_swat303
:date 03082019-18:12:04.000 03082019-18:12:05.000
1 0 0 3810 8043305 0 0 58874 212201 0 212201 0 0 0
0 0 0 4235 8090830 0 0 63907 210805 0 210805 0 0 0
:
:vdbench503_vdbench_data_for_swat303
:date 03082019-18:12:05.000 03082019-18:12:06.000
1 0 0 4652 7993890 0 0 72097 128673 0 128673 0 0 0
0 0 0 4703 7857889 0 0 70722 84914 0 84914 0 0 0
:
:vdbench503_vdbench_data_for_swat303
:date 03082019-18:12:06.000 03082019-18:12:07.000
1 0 0 7205 8020293 0 0 109785 56617 0 56617 0 0 0
0 0 0 6801 8100642 0 0 104967 108808 0 108808 0 0 0
:
:vdbench503_vdbench_data_for_swat303
:date 03082019-18:12:07.000 03082019-18:12:08.000
1 0 0 5750 7961679 0 0 88177 60604 0 60604 0 0 0
0 0 0 5776 7963928 0 0 88307 66668 0 66668 0 0 0
:
:vdbench503_vdbench_data_for_swat303
:date 03082019-18:12:08.000 03082019-18:12:09.000
1 0 0 4484 7911255 0 0 70845 114872 0 114872 0 0 0
0 0 0 4725 7936609 0 0 73863 61301 0 61301 0 0 0
:
:vdbench503_vdbench_data_for_swat303
:date 03082019-18:12:09.000 03082019-18:12:10.000
1 0 0 4093 8024079 0 0 60889 76684 0 76684 0 0 0
0 0 0 3820 7995865 0 0 58601 145524 0 145524 0 0 0
:
:vdbench503_vdbench_data_for_swat303
:date 03082019-18:12:10.000 03082019-18:12:11.000
1 0 0 3804 7972913 0 0 58259 89339 0 89339 0 0 0
0 0 0 3861 7958115 0 0 59358 85716 0 85716 0 0 0
:
:vdbench503_vdbench_data_for_swat303
:date 03082019-18:12:11.000 03082019-18:12:12.000
1 0 0 3755 7910388 0 0 60407 70551 0 70551 0 0 0
0 0 0 3467 7941914 0 0 54441 168046 0 168046 0 0 0
:
:vdbench503_vdbench_data_for_swat303
:date 03082019-18:12:12.000 03082019-18:12:13.000
1 0 0 3202 7973256 0 0 50645 51059 0 51059 0 0 0
0 0 0 3245 7974133 0 0 50534 57253 0 57253 0 0 0
:
:vdbench503_vdbench_data_for_swat303
:date 03082019-18:12:13.000 03082019-18:12:14.000
1 0 0 3055 8024099 0 0 46916 100734 0 100734 0 0 0
0 0 0 3153 7999738 0 0 48021 201833 0 201833 0 0 0
:
:vdbench503_vdbench_data_for_swat303
:date 03082019-18:12:14.000 03082019-18:12:15.000
1 0 0 3413 7998898 0 0 51888 133160 0 133160 0 0 0
0 0 0 3507 8002080 0 0 55209 147966 0 147966 0 0 0
:
:vdbench503_vdbench_data_for_swat303
:date 03082019-18:12:15.000 03082019-18:12:16.000
1 0 0 3453 8000144 0 0 53234 93104 0 93104 0 0 0
0 0 0 3513 7986497 0 0 52687 114624 0 114624 0 0 0
:
:vdbench503_vdbench_data_for_swat303
:date 03082019-18:12:16.000 03082019-18:12:17.000
1 0 0 4209 7944020 0 0 66375 44262 0 44262 0 0 0
0 0 0 3948 7955735 0 0 60509 134253 0 134253 0 0 0
:
:vdbench503_vdbench_data_for_swat303
:date 03082019-18:12:17.000 03082019-18:12:18.000
1 0 0 4679 8033779 0 0 74394 97575 0 97575 0 0 0
0 0 0 5084 8033244 0 0 80400 95637 0 95637 0 0 0
:
:vdbench503_vdbench_data_for_swat303
:date 03082019-18:12:18.000 03082019-18:12:19.000
1 0 0 6483 7880661 0 0 101045 73282 0 73282 0 0 0
0 0 0 6874 7912250 0 0 103773 109844 0 109844 0 0 0
:
:vdbench503_vdbench_data_for_swat303
:date 03082019-18:12:19.000 03082019-18:12:20.000
1 0 0 9973 8030637 0 0 151209 56768 0 56768 0 0 0
0 0 0 10057 7999039 0 0 154618 76590 0 76590 0 0 0
:
:vdbench503_vdbench_data_for_swat303
:date 03082019-18:12:20.000 03082019-18:12:21.000
1 0 0 5459 7989393 0 0 81309 52355 0 52355 0 0 0
0 0 0 5509 7918637 0 0 83664 78600 0 78600 0 0 0
:
:vdbench503_vdbench_data_for_swat303
:date 03082019-18:12:21.000 03082019-18:12:22.000
1 0 0 5559 7965664 0 0 84687 81139 0 81139 0 0 0
0 0 0 5686 7979974 0 0 87919 81510 0 81510 0 0 0
:
:vdbench503_vdbench_data_for_swat303
:date 03082019-18:12:22.000 03082019-18:12:23.000
1 0 0 6506 7969446 0 0 101563 33705 0 33705 0 0 0
0 0 0 6499 8020911 0 0 101608 62141 0 62141 0 0 0
:
:vdbench503_vdbench_data_for_swat303
:date 03082019-18:12:23.000 03082019-18:12:24.000
1 0 0 6418 7982105 0 0 100248 86935 0 86935 0 0 0
0 0 0 6878 7972007 0 0 107970 90843 0 90843 0 0 0
:
:vdbench503_vdbench_data_for_swat303
:date 03082019-18:12:24.000 03082019-18:12:25.000
1 0 0 5349 7924894 0 0 81429 54909 0 54909 0 0 0
0 0 0 5534 7925421 0 0 85209 81489 0 81489 0 0 0
:
:vdbench503_vdbench_data_for_swat303
:date 03082019-18:12:25.000 03082019-18:12:26.000
1 0 0 4619 7960044 0 0 73415 92557 0 92557 0 0 0
0 0 0 4891 7955758 0 0 76792 78838 0 78838 0 0 0
:
:vdbench503_vdbench_data_for_swat303
:date 03082019-18:12:26.000 03082019-18:12:27.000
1 0 0 4638 7978726 0 0 74311 39464 0 39464 0 0 0
0 0 0 4699 7912041 0 0 72168 84052 0 84052 0 0 0
:
:vdbench503_vdbench_data_for_swat303
:date 03082019-18:12:27.000 03082019-18:12:28.000
1 0 0 6757 8042505 0 0 104543 105124 0 105124 0 0 0
0 0 0 6815 8102242 0 0 104211 111174 0 111174 0 0 0
:
:vdbench503_vdbench_data_for_swat303
:date 03082019-18:12:28.000 03082019-18:12:29.000
1 0 0 8162 7870383 0 0 123370 45368 0 45368 0 0 0
0 0 0 7916 7867017 0 0 121718 104880 0 104880 0 0 0
:
:vdbench503_vdbench_data_for_swat303
:date 03082019-18:12:29.000 03082019-18:12:30.000
1 0 0 5225 8014673 0 0 79390 63533 0 63533 0 0 0
0 0 0 4865 8023285 0 0 75637 112448 0 112448 0 0 0
:
:vdbench503_vdbench_data_for_swat303
:date 03082019-18:12:30.000 03082019-18:12:31.000
1 0 0 4453 7986812 0 0 68661 40771 0 40771 0 0 0
0 0 0 4251 7895987 0 0 64053 110902 0 110902 0 0 0
:
:vdbench503_vdbench_data_for_swat303
:date 03082019-18:12:31.000 03082019-18:12:32.000
1 0 0 3542 7997425 0 0 53104 60172 0 60172 0 0 0
0 0 0 3496 8069496 0 0 53867 163968 0 163968 0 0 0
:
:vdbench503_vdbench_data_for_swat303
:date 03082019-18:12:32.000 03082019-18:12:33.000
1 0 0 3540 7860204 0 0 54945 74939 0 74939 0 0 0
0 0 0 3738 7847456 0 0 58536 56690 0 56690 0 0 0
:
:vdbench503_vdbench_data_for_swat303
:date 03082019-18:12:33.000 03082019-18:12:34.000
1 0 0 3063 8069708 0 0 45520 61333 0 61333 0 0 0
0 0 0 3033 8027468 0 0 46303 98918 0 98918 0 0 0
:
:vdbench503_vdbench_data_for_swat303
:date 03082019-18:12:34.000 03082019-18:12:35.000
1 0 0 5024 7994568 0 0 77958 80132 0 80132 0 0 0
0 0 0 5143 8056872 0 0 78718 127141 0 127141 0 0 0
:
:vdbench503_vdbench_data_for_swat303
:date 03082019-18:12:35.000 03082019-18:12:36.000
1 0 0 6919 8018186 0 0 106840 71609 0 71609 0 0 0
0 0 0 7189 8015367 0 0 112203 71663 0 71663 0 0 0
:
:vdbench503_vdbench_data_for_swat303
:date 03082019-18:12:36.000 03082019-18:12:37.000
1 0 0 7038 7961179 0 0 107049 62320 0 62320 0 0 0
0 0 0 6884 7962414 0 0 104401 76828 0 76828 0 0 0
:
:vdbench503_vdbench_data_for_swat303
:date 03082019-18:12:37.000 03082019-18:12:38.000
1 0 0 5500 7946079 0 0 83517 57411 0 57411 0 0 0
0 0 0 5550 7938302 0 0 86070 98407 0 98407 0 0 0
