:date 03082019-13:45:13.000
:fixed_data
0 0 0 0 sd_sd1
:
:vdbench503_vdbench_data_for_swat303
:date 03082019-13:45:13.000 03082019-13:45:14.000
0 0 54 49 1972273 0 108 98 108622 69515 108622 0 0 0
:
:vdbench503_vdbench_data_for_swat303
:date 03082019-13:45:14.000 03082019-13:45:15.000
0 0 50 49 411866 0 100 98 33363 24747 33363 0 0 0
:
:vdbench503_vdbench_data_for_swat303
:date 03082019-13:45:15.000 03082019-13:45:16.000
0 0 51 45 155997 0 102 90 22819 18014 22819 0 0 0
:
:vdbench503_vdbench_data_for_swat303
:date 03082019-13:45:16.000 03082019-13:45:17.000
0 0 67 60 74181 0 134 120 22279 2041 22279 0 0 0
:
:vdbench503_vdbench_data_for_swat303
:date 03082019-13:45:17.000 03082019-13:45:18.000
0 0 50 58 27461 0 100 116 987 820 987 0 0 0
